       40013.000        2.0000000        3.5350001        0.0000000       0.83700001        8.3870001        5.8438597        1.1830000       0.11578925       0.24100000        7.7160001        7.2737865 
       40015.000        11.000000        9.2570000        0.0000000        1.9450001        2.1600001       0.58835000      0.090999998       0.15301172       0.28700000        6.6729999        7.2737865 
       40016.000        10.000000        15.737000        0.0000000        1.3049999        2.1600001       0.58835000      0.090999998       0.15301172       0.28700000        6.6729999        7.2737865 
       40017.000        7.0000000        7.9210000      -0.14500000        0.0000000        1.4340000        1.3636700       0.11100000      0.060343936        1.1600000        4.4850001        7.3765082 
       40018.000        5.0000000        5.2849998        0.0000000       0.52600002        1.4340000        1.3636700       0.11100000      0.060343936        1.1600000        4.4850001        7.3765082 
       40027.000        7.0000000        2.5420001        0.0000000       0.59399998        1.1960000        1.8560300        1.3470000       0.11001170      0.078000002        5.6810002        6.8906093 
       50129.000        2.0000000        1.5950000        0.0000000       0.19800000       0.43700001       0.63770002       0.38600001       0.16966203       0.43099999        3.7650001        8.0557928 
       60049.000        2.0000000        3.0250001        0.0000000       0.22600000       0.22900000       0.10840000       0.33899999       0.13937283       0.26800001        6.5630002        7.8414931 
       60051.000        3.0000000       0.60000002        0.0000000       0.10000000       0.38499999       0.13740000       0.33199999      0.042555671      0.057000000        8.5900002        7.8811822 
       60091.000        0.0000000        1.0300000        0.0000000      0.085000001       0.19700000       0.11780000       0.27100000       0.14383338      0.088000000        7.1199999        7.9648509 
       80007.000        2.0000000        1.3310000     -0.028999999        0.0000000      0.094999999       0.14690000       0.39600000      0.092521831       0.15200000        5.5500002        8.6061192 
       80009.000        2.0000000        1.6569999    -0.0030000000        0.0000000      0.050999999      0.080109999       0.21699999       0.13932461       0.81300002        5.6069999        8.6061192 
       80023.000        0.0000000       0.84200001        0.0000000      0.061000001       0.11000000       0.54500002       0.12100000       0.13513513       0.47400001        3.6800001        8.6061192 
       80033.000        0.0000000       0.82599998        0.0000000       0.20700000       0.16100000      0.052619997       0.24699999       0.10434258       0.26400000        5.3810000        8.6452341 
       80051.000        5.0000000        5.7849998        0.0000000        1.1720001       0.21699999       0.43698001       0.42300001      0.046496399       0.14300001        6.6300001        8.7555799 
       80055.000        5.0000000        3.9449999      -0.38400000        0.0000000       0.29400000      0.080760002       0.12400000       0.18400621       0.66900003        5.1589999        8.6061192 
       80057.000        1.0000000       0.94700003        0.0000000      0.039999999      0.014000000      0.044769999       0.21200000      0.076757915       0.42199999        6.8639998        8.7769384 
       80061.000        1.0000000       0.87800002        0.0000000      0.082999997      0.055000000      0.047119997       0.15600000       0.14772727       0.88700002        6.4520001        8.6061192 
       80063.000        2.0000000        3.1070001        0.0000000       0.27900001      0.064999998       0.15000001       0.33600000       0.13778129       0.91900003        5.9499998        8.7555799 
       80073.000        3.0000000        2.5810001        0.0000000     0.0080000004       0.12100000      0.058900002       0.14500000       0.17499463       0.96799999        6.3569999        8.7555799 
       80079.000        0.0000000       0.61000001     -0.043000001        0.0000000      0.025000000      0.017280001       0.33300000      0.079601988      0.020000000        7.1040001        8.6061192 
       80113.000        0.0000000        1.0470001        0.0000000       0.49399999       0.15899999       0.14119999       0.27500001      0.055451129       0.23800001        6.3460002        8.6452341 
       160003.00        0.0000000       0.91700000        0.0000000      0.017999999       0.10800000       0.13510001       0.29200000       0.12399163       0.23300000        5.8730001        8.6659584 
       160007.00        4.0000000        3.1070001        0.0000000       0.50300002       0.59899998       0.37680000       0.33800000       0.12047324       0.51300001        5.4419999        8.8710842 
       160017.00        6.0000000        4.4600000        0.0000000       0.31600001       0.88499999        3.8787901       0.73500001       0.11294127       0.12800001        5.3150001        8.6007986 
       160021.00        3.0000000        1.9060000    -0.0030000000        0.0000000      0.092000000      0.047910001       0.92400002       0.11304706       0.10300000        4.9580002        8.6007986 
       160023.00        1.0000000        1.2410001    -0.0030000000        0.0000000       0.10700000      0.064400002       0.49300000       0.11041293       0.13500001        5.4840002        8.9865713 
       160025.00        0.0000000       0.40400001        0.0000000      0.068000004     0.0020000001      0.027489999       0.31999999       0.12102690       0.31700000        5.8610001        8.6659584 
       160037.00        1.0000000       0.75800002     -0.026000001        0.0000000      0.088000000      0.041630000       0.43200001       0.11344165      0.046000000        5.2370000        8.6659584 
       160039.00        5.0000000        7.5400000        0.0000000        1.2890000       0.53899997        1.2532200       0.38400000      0.052538835       0.20700000        5.3239999        8.6659584 
       160049.00        2.0000000        3.6659999        0.0000000      0.029999999       0.47799999       0.38385001       0.33600000       0.12465299       0.15700001        5.8730001        8.6007986 
       160059.00        5.0000000        3.3080001        0.0000000       0.39800000       0.20999999      0.095690005       0.44299999       0.12024128      0.082000002        5.5650001        8.6659584 
       160081.00        1.0000000       0.72700000        0.0000000        0.0000000       0.17900001       0.18610001       0.68199998      0.094580598       0.55699998        4.2969999        8.9865713 
       200025.00        0.0000000        1.0960000      -0.14800000        0.0000000       0.10400000       0.11230000       0.30300000       0.22931896       0.95099998        7.2069998        8.4736595 
       200039.00        4.0000000        2.3870001        0.0000000      0.096000001       0.19499999       0.13190000       0.36199999       0.21667776       0.95200002        6.6810002        8.5539112 
       200055.00        9.0000000        18.256001        0.0000000        3.5480001       0.44000000        1.9786201       0.62500000      0.081888773       0.89899999        7.1329999        8.4747028 
       200057.00        9.0000000        18.000999        0.0000000        3.8740001       0.63900000        1.6004300       0.48100001       0.12305161       0.99800003        7.0060000        8.4747028 
       200065.00        3.0000000        2.0280001     -0.043000001        0.0000000       0.15700001       0.11390000       0.34500000       0.17772216       0.97899997        6.4790001        8.5539112 
       200067.00        4.0000000        4.6529999        0.0000000       0.87400001       0.36500001        1.2150799       0.57999998      0.073957287        1.0120000        7.1479998        8.4736595 
       200075.00        0.0000000        1.6540000     -0.066000000        0.0000000      0.063000001      0.028270001       0.27700001       0.18217979       0.89800000        6.2290001        8.4747028 
       200089.00        0.0000000        1.2050000     -0.082000002        0.0000000       0.23300000      0.073830001       0.45100001       0.22495706       0.88900000        5.5970001        8.5539112 
       200111.00        7.0000000        25.287001        0.0000000        1.9600000        1.2240000        2.6593502       0.45600000       0.11826365       0.88900000        6.9590001        8.5411053 
       200123.00        2.0000000        4.3649998        0.0000000       0.24400000       0.15899999        1.0323199       0.60500002       0.20537144        1.0210000        6.1389999        8.5539112 
       200129.00        3.0000000        2.2430000        0.0000000       0.15400000      0.088000000       0.13039999       0.28999999      0.093804285       0.93199998        6.8950000        8.4736595 
       200137.00        1.0000000        3.4000001      -0.22700000        0.0000000       0.21100000       0.29770002       0.32100001       0.21363433       0.88999999        6.2319999        8.5539112 
       200151.00        7.0000000        6.8850002        0.0000000       0.14900000       0.29499999       0.97719002       0.56099999       0.17907542       0.97000003        7.1820002        8.4736595 
       200153.00        2.0000000        1.6650000        0.0000000     0.0070000002       0.10800000       0.17280000       0.36899999       0.18928136       0.93500000        6.0929999        8.4747028 
       200171.00        5.0000000        4.1539998        0.0000000       0.15300000      0.061000001       0.68105000       0.46599999       0.12884815       0.97500002        6.9419999        8.4747028 
       200181.00        4.0000000        5.7080002        0.0000000       0.19800000       0.15899999       0.14610000       0.37700000       0.13274907       0.96399999        6.5539999        8.4747028 
       200189.00        1.0000000        3.1650000        0.0000000       0.42600000       0.20400000       0.14530000       0.47000000       0.12183277       0.96200001        7.1820002        8.4736595 
       200193.00        7.0000000        5.5440001        0.0000000       0.88599998       0.33300000       0.73049998       0.46500000       0.12353568       0.99599999        6.7620001        8.4747028 
       200199.00        1.0000000       0.98199999     -0.029999999        0.0000000      0.028999999      0.062050000       0.31500000       0.14180928       0.88099998        5.3530002        8.4747028 
       200203.00        3.0000000        1.8690000     -0.046999998        0.0000000      0.067000002       0.11470000       0.48699999       0.11344952       0.95899999        5.9749999        8.4747028 
       230003.00        0.0000000        6.7659998       -1.3450000        0.0000000       0.86299998        2.2088900       0.37000000       0.10438953      0.096000001        4.8260002        8.9805498 
       230029.00        2.0000000        4.2620001        0.0000000       0.21799999       0.50700003        3.3897800       0.36399999       0.14518204      0.048999999        4.5809999        8.9805498 
       260003.00        3.0000000        3.0829999      -0.59399998        0.0000000       0.41900000       0.46220002       0.43000001       0.13018970      0.037999999        5.4699998        8.8431826 
       260095.00        4.0000000        2.1199999      -0.21400000        0.0000000       0.13200000       0.44159999       0.43900001       0.13695750      0.020000000        5.3010001        8.8315659 
       260153.00        3.0000000        3.9619999      -0.36199999        0.0000000       0.25799999       0.28510001       0.37099999       0.15393586      0.018999999        5.2830000        8.8315659 
       270077.00        1.0000000        1.1700000      -0.37700000        0.0000000       0.26300001       0.14219999       0.32200000       0.16471839       0.14900000        5.1750002        9.2003908 
       300001.00        2.0000000        3.9760001      -0.57200003        0.0000000       0.11300000      0.058900002       0.20600000       0.12069387       0.44000000        5.9130001        9.1708717 
       300009.00        0.0000000        1.8960000        0.0000000      0.052000001       0.58999997       0.22620000       0.34099999       0.17718236       0.47099999        5.7280002        8.8835020 
       300011.00        0.0000000       0.62000000     -0.043000001        0.0000000      0.018999999      0.027489999       0.11000000       0.15175097       0.73900002        5.1020002        8.8835020 
       300015.00        2.0000000        1.6930000      -0.17000000        0.0000000       0.25200000      0.082470000       0.23400000       0.13066317       0.94400001        6.6840000        8.9575109 
       300017.00        4.0000000        9.6020002        0.0000000       0.57900000       0.23500000       0.37513000       0.11300000       0.13227554       0.94099998        6.5139999        8.8835020 
       300019.00        1.0000000        1.3820000      -0.10400000        0.0000000      0.044000000      0.058119997       0.25600001       0.16014110       0.92500001        6.0060000        8.8835020 
       300025.00        1.0000000        2.3540001      -0.23000000        0.0000000      0.064000003      0.063620001       0.14399999       0.10496944       0.85500002        6.5890002        8.8835020 
       300027.00        4.0000000        7.1040001        0.0000000       0.66700000       0.15899999       0.41870999       0.18799999       0.16167024       0.77899998        5.6389999        8.9575109 
       300033.00        0.0000000       0.48500001     -0.044000000        0.0000000      0.046000000      0.016489999       0.10200000       0.10869565       0.72000003        5.4990001        8.8835020 
       300037.00        0.0000000       0.27300000        0.0000000      0.012000000      0.052999999      0.034560002       0.14500000       0.14327486       0.86699998        4.4749999        8.8835020 
       300039.00        1.0000000        1.1380000        0.0000000     0.0099999998      0.079999998      0.067539997       0.23899999       0.14296296       0.31400001        5.8449998        8.9668665 
       300051.00        2.0000000       0.96300000        0.0000000      0.027000001      0.027000001      0.051840000       0.24400000       0.11249463       0.98500001        6.8969998        8.9575109 
       300055.00        2.0000000       0.93099999     -0.033000000        0.0000000      0.085000001      0.050269999       0.16400000       0.10288675       0.80100000        4.7459998        8.8835020 
       300057.00        2.0000000       0.66000003        0.0000000       0.15899999       0.18600000      0.051050000       0.24100000       0.16391337       0.48199999        5.5850000        9.1708717 
       300059.00        0.0000000        1.3020000        0.0000000       0.10200000      0.039999999      0.036130000       0.12600000       0.12906221       0.65300000        5.8540001        8.9575109 
       300061.00        2.0000000        1.0540000        0.0000000      0.061000001       0.12800001       0.12880000       0.68599999      0.090884350      0.026000001        5.9530001        8.9668665 
       300065.00        2.0000000        2.1190000        0.0000000     0.0030000000       0.21799999      0.096599996       0.14300001       0.15718158       0.94499999        5.3470001        8.8835020 
       300069.00        0.0000000       0.20700000     -0.064000003        0.0000000      0.020000000      0.021210000      0.090000004       0.10076336       0.66900003        5.5019999        8.8835020 
       300071.00        1.0000000        2.3670001        0.0000000       0.17200001       0.10500000      0.043979999       0.12500000       0.13676170       0.62300003        5.1589999        8.9575109 
       300079.00        0.0000000       0.92900002        0.0000000      0.059000000      0.059999999      0.029059999       0.13300000       0.17864923       0.64099997        4.2880001        8.8835020 
       300085.00        0.0000000        3.0739999     -0.021000000        0.0000000       0.22000000       0.80157000       0.19000000       0.10127066       0.97200000        5.7410002        8.8835020 
       300086.00        1.0000000       0.88700002        0.0000000      0.066000000       0.22000000       0.80157000       0.19000000       0.10127066       0.97200000        5.7410002        8.8835020 
       300087.00        1.0000000        2.5530000        0.0000000       0.68000001      0.046000000       0.11230000       0.10600000      0.059197899       0.95200002        6.1799998        8.8835020 
       300091.00        2.0000000        2.4760001        0.0000000      0.094999999      0.085000001       0.12100000       0.22800000       0.15441447       0.99900001        6.7789998        8.8835020 
       300097.00        0.0000000        1.6900001        0.0000000      0.097999997      0.079999998      0.060479999       0.15099999       0.18905473       0.69999999        5.6890001        8.8835020 
       300105.00        6.0000000        4.4549999      -0.24500000        0.0000000       0.16400000       0.78075999       0.17700000       0.11307317       0.66900003        6.1869998        8.8835020 
       300107.00        1.0000000        1.1810000      -0.19400001        0.0000000      0.023000000      0.062050000       0.12899999       0.15472658       0.92900002        5.6360002        8.8835020 
       310005.00        0.0000000       0.12400000     -0.050999999        0.0000000      0.017000001      0.043200001       0.11400000       0.14814815        1.1660000        6.5980000        8.7767839 
       310015.00        1.0000000       0.52899998     -0.046000000        0.0000000       0.10800000       0.52469999       0.27300000       0.22125489       0.85100001        4.5419998        8.7767839 
       310033.00        6.0000000        6.0100002      -0.39300001        0.0000000       0.27599999        1.1104800       0.33000001       0.15581188        1.0490000        6.8049998        8.7767839 
       310041.00        2.0000000        3.9790001        0.0000000       0.24500000       0.31099999        1.2492800       0.33600000       0.19636810       0.93599999        6.0250001        8.7767839 
       310045.00        3.0000000        5.9330001        0.0000000      0.012000000       0.42199999       0.53092998       0.19300000       0.14611302       0.83600003        6.0310001        8.7767839 
       310057.00        0.0000000        1.2350000      -0.11400000        0.0000000      0.083999999       0.12570000       0.31400001       0.20727019       0.92199999        6.0609999        8.7767839 
       310069.00        1.0000000        1.0570000    -0.0099999998        0.0000000      0.072999999      0.057330001       0.20100001       0.22091363       0.93699998        6.5710001        8.7767839 
       310091.00        0.0000000       0.72000003        0.0000000      0.052999999      0.024000000      0.019630000      0.096000001       0.19191919       0.71499997        4.9689999        8.7767839 
       310095.00        1.0000000        4.8850002      -0.38000000        0.0000000       0.46100000        2.0877700       0.91000003       0.20627482       0.89800000        6.3189998        8.6939993 
       310101.00        2.0000000        5.6380000        0.0000000       0.66200000       0.27300000       0.23089999       0.44200000       0.13615976        1.0410000        6.7230000        8.7767839 
       310105.00        3.0000000        3.1199999      -0.56000000        0.0000000       0.16400000      0.073040001       0.25799999       0.13867268       0.91900003        6.5440001        8.7767839 
       320007.00        4.0000000        1.2180001        0.0000000       0.13699999       0.25099999       0.15379000       0.11200000      0.089350857       0.26699999        7.2630000        8.7045021 
       320008.00        6.0000000        8.7580004        0.0000000        1.1370000       0.25099999       0.10379000       0.11200000      0.089350857       0.26699999        7.2630000        8.7045021 
       320011.00        0.0000000       0.50000000     -0.046999998        0.0000000      0.055000000      0.013350001       0.20299999      0.066777967       0.11200000        5.8130002        8.7045021 
       320013.00        4.0000000        4.1399999        0.0000000       0.55299997       0.19200000      0.041630000       0.23400000      0.073881708       0.16000000        6.8759999        8.7045021 
       320015.00        2.0000000        2.7490001        0.0000000       0.89300001      0.033000000      0.018059999       0.10600000      0.053238470       0.16700000        7.2540002        8.7045021 
       320017.00        0.0000000       0.69999999        0.0000000      0.059000000      0.059000000      0.057280000       0.44100001       0.12808146     0.0080000004        5.5819998        7.8367648 
       320021.00        1.0000000        3.7409999        0.0000000       0.20200001      0.089000002      0.051840000       0.35600001       0.10760817       0.13600001        6.1529999        8.6597338 
       320023.00        4.0000000        1.9520000        0.0000000       0.23600000       0.32100001      0.031420000       0.24200000      0.090406723      0.035000000        7.1690001        7.8367648 
       320027.00        3.0000000        1.6799999        0.0000000       0.10900000       0.14700000      0.021989999       0.15700001       0.11443662       0.16300000        6.5910001        8.7045021 
       320033.00        2.0000000        4.8820000        0.0000000       0.70599997       0.14300001       0.14475000       0.21900000       0.12048488      0.044000000        7.0790000        8.7045021 
       350003.00        0.0000000       0.43900001        0.0000000      0.085000001      0.046000000      0.021989999      0.092000000       0.13529412       0.34299999        4.6950002        8.3925362 
       350005.00        10.000000        39.675999        0.0000000        5.7680001       0.78200001       0.47573000       0.12800001       0.14114632       0.79900002        5.8280001        8.0475092 
       350011.00        0.0000000        1.4210000      -0.19400001        0.0000000      0.068000004      0.034560002      0.079000004       0.21026894       0.88599998        5.1869998        8.0475092 
       350013.00        13.000000        45.085999        0.0000000        7.2290001        3.1129999        4.4661403       0.64800000      0.072067678       0.17000000        5.2839999        8.0258436 
       350015.00        4.0000000        10.385000        0.0000000      0.070000000       0.61100000       0.99823999       0.23800001       0.12531605       0.32400000        6.0570002        7.9490914 
       350019.00        5.0000000        2.4690001     -0.016000001        0.0000000      0.059999999       0.23930000      0.090000004       0.12166370       0.90700001        3.8499999        8.7620201 
       350021.00        0.0000000       0.38100001     -0.094999999        0.0000000      0.033000000      0.033769999      0.088000000       0.17522936       0.95300001        5.2670002        7.6381984 
       350023.00        2.0000000        3.1949999      -0.23400000        0.0000000       0.22499999      0.065190002       0.14300001      0.092742600       0.75000000        5.2420001        8.0258436 
       350029.00        9.0000000        9.9639997        0.0000000        1.6210001       0.23700000       0.54109997       0.15200000       0.16843118       0.52200001        4.7900000        8.0258436 
       350031.00        12.000000        18.160999        0.0000000        3.5650001        1.3049999        1.7027299      0.072999999      0.049212564       0.93500000        4.1960001        8.3925362 
       350037.00        9.0000000        6.7649999      -0.42399999        0.0000000       0.13200000       0.23675999       0.11900000       0.15656613       0.98199999        5.5609999        7.6381984 
       350051.00        3.0000000        5.2189999        0.0000000       0.56300002      0.054000001       0.13970000      0.097000003       0.29500827       0.52800000        4.6370001        8.0258436 
       350053.00        7.0000000        7.5760002        0.0000000        2.8889999       0.15500000       0.34893000       0.11700000      0.088492759       0.44800001        4.4689999        8.3925362 
       350059.00        2.0000000        2.9679999        0.0000000      0.037000000      0.044000000       0.20500000       0.12500000       0.17206348       0.93300003        5.9569998        8.7620201 
       360041.00        0.0000000        1.1590000        0.0000000      0.046999998       0.39500001       0.14839999        1.6350000       0.16626936        0.0000000        5.4689999        8.9049015 
       370095.00        1.0000000       0.60000002        0.0000000       0.10000000       0.28099999       0.35360000       0.93900001       0.15085986       0.23700000        4.2950001        8.0811653 
       370177.00        0.0000000       0.75800002      -0.14399999        0.0000000       0.35400000       0.26429999       0.89899999       0.15018868       0.22600000        4.1389999        8.0811653 
       380011.00        3.0000000        2.0710001        0.0000000       0.30899999       0.11200000       0.10520000       0.20000000       0.13502009       0.99699998        6.1950002        9.1132784 
       380019.00        2.0000000        2.3350000        0.0000000       0.15300000       0.22700000       0.26389998       0.48500001       0.17050812       0.95499998        6.1069999        9.1983690 
       380023.00        2.0000000        1.4690000     -0.075999998        0.0000000       0.11000000       0.10130000       0.25799999       0.20177448       0.89200002        6.2350001        9.1500597 
       380029.00        2.0000000        1.5610000      -0.13400000        0.0000000       0.13000000       0.17989999       0.25299999       0.15518121       0.90700001        4.6919999        9.1132784 
       380033.00        2.0000000        1.3810000     -0.027000001        0.0000000      0.064999998      0.071470000       0.20000000       0.16143873       0.82800001        6.2389998        9.1132784 
       380057.00        6.0000000        5.2729998        0.0000000        2.6889999       0.26600000       0.10450000       0.24300000       0.10219055       0.82400000        7.0710001        9.1132784 
       380069.00        3.0000000        3.3350000        0.0000000       0.44600001       0.15000001       0.19239999       0.28099999       0.18066818       0.90399998        5.2789998        9.1500597 
       380075.00        1.0000000        1.0490000        0.0000000      0.098999999       0.20299999       0.16339999       0.34400001       0.17405765       0.95499998        5.7300000        9.1500597 
       380083.00        0.0000000       0.65799999    -0.0060000001        0.0000000       0.17700000       0.16960001       0.27500001       0.16211422       0.87699997        4.9359999        9.1132784 
       380085.00        1.0000000       0.77100003      -0.38200000        0.0000000      0.046999998       0.18380000       0.12700000      0.054143645       0.97100002        3.6420000        9.1132784 
       380095.00        3.0000000        1.4960001     -0.016000001        0.0000000       0.11000000       0.18689999       0.40599999       0.19792695       0.94800001        6.2119999        9.1500597 
       380103.00        5.0000000        2.5270000        0.0000000       0.16599999       0.19900000       0.24190000       0.37599999       0.20246454       0.97700000        5.5200000        9.1132784 
       400007.00        2.0000000        1.9390000        0.0000000      0.086000003       0.55800003       0.18060000       0.25600001       0.14325595       0.95599997        7.2589998        8.2332373 
       400025.00        3.0000000        1.7610000      -0.23199999        0.0000000      0.068999998       0.30939999       0.19900000       0.15323465       0.90700001        6.1380000        8.2332373 
       400045.00        2.0000000        1.7589999        0.0000000       0.21300000       0.43599999       0.11070000       0.30700001       0.18656182       0.89300001        6.8169999        8.2332373 
       410049.00        1.0000000        1.4980000        0.0000000      0.068999998       0.43700001       0.22230001       0.28600001      0.093230486       0.88300002        7.1479998        8.4534006 
       410063.00        1.0000000        2.0030000        0.0000000       0.32300001      0.052000001       0.10919999       0.27300000       0.14849444       0.38400000        6.2770000        8.4534006 
       410069.00        0.0000000       0.53500003        0.0000000      0.024000000      0.039999999      0.045550000      0.097000003       0.17316590       0.73100001        5.4889998        8.4534006 
       460007.00        0.0000000        1.0180000      -0.23000000        0.0000000      0.075999998       0.12490000       0.15500000       0.10611038        1.0620000        3.9649999        8.8957663 
       460015.00        2.0000000        2.2579999      -0.36800000        0.0000000       0.17900001       0.52660000       0.23199999       0.14528123       0.87900001        4.6690001        8.9727173 
       460025.00        0.0000000        1.3510000    -0.0049999999        0.0000000       0.14200000       0.23639999       0.29699999       0.18818963       0.92799997        4.6339998        9.0560226 
       460031.00        0.0000000       0.41800001      -0.14500000        0.0000000       0.20600000       0.14450000       0.13100000      0.082563512       0.98799998        3.5209999        9.0560226 
       460037.00        0.0000000        2.4170001        0.0000000       0.16500001       0.19200000       0.36840001       0.30399999       0.19869667       0.90700001        4.8249998        9.0560226 
       460041.00        1.0000000       0.66000003        0.0000000      0.035000000      0.079999998       0.14530000       0.16300000      0.085911296        1.0670000        3.9430001        9.0560226 
       460049.00        1.0000000       0.98100001        0.0000000      0.026000001      0.070000000       0.15160000       0.23300000       0.17853923       0.93900001        4.3239999        9.0560226 
       460055.00        0.0000000        1.0880001        0.0000000       0.10500000      0.035000000      0.042410001       0.15500000       0.12848961        1.0000000        4.9239998        8.8957663 
       460063.00        1.0000000       0.45300001        0.0000000      0.059999999      0.020000000      0.036910001       0.13600001       0.13117647       0.93599999        5.1320000        8.8957663 
       460073.00        0.0000000        1.2029999     -0.097000003        0.0000000      0.071999997       0.13980000       0.24100000       0.20040970       0.94099998        4.7940001        8.9727173 
       460075.00        1.0000000       0.72299999      -0.14200000        0.0000000     0.0099999998      0.078539997       0.17900001       0.15174299       0.87400001        5.1710000        8.8957663 
       460089.00        1.0000000        1.3600000      -0.18700001        0.0000000      0.075999998       0.17910001       0.21300000       0.20163894       0.85699999        4.2770000        9.0560226 
       460095.00        0.0000000       0.56099999     -0.056000002        0.0000000      0.079999998       0.10130000       0.14100000       0.11560693       0.84500003        3.5810001        8.8957663 
       460107.00        2.0000000        1.6230000      -0.29200000        0.0000000      0.039999999       0.16100000       0.30300000       0.17637452       0.97100002        4.7589998        9.0560226 
       460115.00        3.0000000        3.0270000        0.0000000      0.083999999       0.23000000       0.27489999       0.33600000       0.16280839       0.97100002        5.1409998        9.0560226 
       460119.00        0.0000000       0.85100001        0.0000000      0.066000000       0.10100000      0.080899999       0.29800001       0.13266331       0.93500000        4.7309999        9.0560226 
       460121.00        2.0000000       0.74800003        0.0000000     0.0089999996       0.15899999       0.32990000       0.15800001      0.052265283        1.2040000        3.1589999        8.8957663 
       480003.00        7.0000000        11.061000        0.0000000        2.4360001       0.45899999       0.92047000       0.14100000      0.075358406       0.72899997        7.0029998        7.8853292 
       480079.00        1.0000000        2.6740000     -0.064000003        0.0000000       0.16200000       0.20500000       0.30100000       0.10652850       0.82499999        5.6240001        8.1650791 
       480101.00        2.0000000        2.2160001        0.0000000       0.16400000      0.046999998      0.049479999       0.22800000       0.22633186       0.82700002        7.2630000        8.1650791 
       480105.00        3.0000000        3.7660000        0.0000000       0.90200001       0.16800000      0.023559999       0.13500001      0.092664927        1.0470001        6.7670002        7.7463007 
       480109.00        5.0000000        2.7720001      -0.11700000        0.0000000       0.12300000      0.011000000       0.15200000      0.071493216       0.75800002        4.2900000        7.8875842 
       480111.00        4.0000000        6.8540001        0.0000000        1.1490000       0.38100001      0.088749997       0.31299999       0.12509570       0.88900000        5.2420001        8.3501940 
       480115.00        5.0000000        11.790000        0.0000000       0.23100001       0.52899998        1.5916200       0.55599999       0.13056105        1.0730000        5.9829998        8.1650791 
       480125.00        1.0000000        1.6900001     -0.057000000        0.0000000       0.10700000       0.10840000       0.19300000       0.22548743       0.94000000        4.7579999        8.1650791 
       480137.00        1.0000000        1.3170000        0.0000000      0.096000001      0.052999999      0.025920000       0.20400000       0.14756517       0.81900001        4.9390001        7.3198647 
       480211.00        2.0000000        3.4909999        0.0000000        1.1990000       0.20299999       0.14919999       0.18000001      0.092948720       0.99400002        7.8080001        8.3501940 
       480247.00        1.0000000        4.6840000        0.0000000       0.60500002       0.37500000      0.033769999       0.15300000       0.12906347        1.1430000        4.7719998        6.8308744 
       480267.00        3.0000000        2.5929999     -0.061000001        0.0000000       0.10900000      0.091109999       0.25900000       0.19714497       0.91200000        5.5349998        7.7463007 
       480307.00        5.0000000        5.9689999        0.0000000       0.41200000       0.11500000       0.72627002       0.31200001       0.24682313        1.0410000        5.4140000        7.7463007 
       480345.00        2.0000000        1.0520000     -0.039000001        0.0000000      0.048999999      0.026700001       0.17299999       0.24102564       0.81500000        5.9299998        8.1650791 
       480383.00        1.0000000        3.4040000        0.0000000       0.91500002       0.23600000      0.047910001       0.16599999      0.056831922       0.82099998        6.4660001        7.8853292 
       480421.00        2.0000000        1.9170001      -0.22200000        0.0000000       0.19200000       0.10450000       0.42399999       0.12161311       0.99699998        10.504000        8.3501940 
       480431.00        0.0000000       0.91500002        0.0000000       0.13500001      0.017999999      0.025130000       0.21500000       0.14593698        1.2720000        7.1380000        7.8853292 
       480443.00        0.0000000        1.2410001        0.0000000      0.012000000      0.079000004      0.011779999      0.082999997       0.13040753       0.88700002        7.0689998        7.3198647 
       480447.00        1.0000000        1.1740000        0.0000000      0.068999998      0.079000004      0.038479999       0.19400001       0.24890405       0.98699999        6.3969998        7.8713112 
       490013.00        5.0000000        3.8420000        0.0000000        1.8370000       0.49000001       0.54871994       0.41900000      0.067727819       0.18700001        5.5310001        8.6659584 
       490017.00        0.0000000        1.3430001        0.0000000      0.025000000      0.090999998      0.033769999       0.38400000       0.11843180      0.039000001        4.9689999        8.6659584 
       490019.00        5.0000000        5.3330002        0.0000000       0.54000002       0.43300000      0.062050000       0.11400000      0.066011406      0.074000001        6.4949999        8.6659584 
       490033.00        0.0000000       0.65899998        0.0000000       0.15899999       0.25299999      0.074610002       0.13699999      0.092857145       0.75500000        5.8210001        8.8174458 
       490047.00        7.0000000        6.5999999        0.0000000        2.6919999       0.85399997        1.0508001       0.17100000      0.059592314       0.48800001        5.7680001        8.6659584 
       490055.00        0.0000000       0.36399999        0.0000000      0.039999999      0.072999999       0.34979999       0.36500001       0.13605443      0.059999999        4.6750002        8.6659584 
       510091.00        1.0000000       0.24699999        0.0000000      0.024000000       0.42600000       0.33829999       0.50999999       0.15798433       0.40500000        6.0469999        8.3717051 
       530019.00        3.0000000        1.0180000        0.0000000       0.15600000       0.22600000       0.16730000       0.32200000      0.084322833       0.56400001        5.5830002        8.8366642 
       540071.00        1.0000000       0.77999997        0.0000000      0.085000001       0.60299999       0.91940004       0.56400001       0.15347661       0.48699999        4.6180000        8.5844784 
       560005.00        8.0000000        12.134000        0.0000000        4.9400001       0.39600000       0.78819001       0.10800000      0.028440103       0.93500000        9.2449999        8.9414148 
       560007.00        7.0000000        11.547000        0.0000000        3.6919999       0.58899999       0.80403000       0.11200000      0.069099382       0.55599999        8.2270002        8.9414148 
       560009.00        2.0000000        6.0300002        0.0000000        3.3529999       0.76200002       0.42535001       0.10000000      0.055441041       0.89399999        8.1330004        8.9414148 
       560013.00        2.0000000        7.8670001        0.0000000       0.74199998       0.33199999        1.2225100       0.13400000      0.069963068       0.39500001        7.2690001        8.9414148 
       560015.00        3.0000000        5.4410000        0.0000000        1.2040000       0.61500001        1.1889399       0.20000000       0.14709303       0.91799998        6.2740002        8.8969984 
       560017.00        5.0000000        3.8520000        0.0000000       0.78899997       0.18700001      0.066760004      0.093999997       0.16287215       0.78200001        7.0009999        8.9414148 
       560019.00        3.0000000        3.7990000        0.0000000       0.40500000       0.31900001      0.054189999       0.11400000       0.13835821       0.72299999        8.0229998        8.9414148 
       560027.00        1.0000000        1.6500000        0.0000000       0.15500000      0.071999997      0.033769999       0.10400000       0.17305061       0.82099998        6.4809999        8.9414148 
       560029.00        4.0000000        6.7900000        0.0000000        1.6289999       0.69000000       0.45486999       0.24200000       0.10370165       0.22900000        7.2140002        8.9414148 
       560033.00        7.0000000        15.146000        0.0000000        4.2900000        1.2680000        1.2230999       0.24699999       0.11913127       0.84700000        7.7849998        8.9414148 
       560035.00        3.0000000        1.0660000        0.0000000       0.11800000       0.13400000      0.054189999       0.26800001      0.083333336       0.17800000        7.0590000        8.9414148 
       560039.00        5.0000000        4.5110002        0.0000000        1.8230000       0.19200000       0.10760000        1.3010000      0.051950827      0.025000000        9.0400000        8.9414148 
       560041.00        8.0000000        6.4210000        0.0000000        1.9590000        1.0810000       0.56046999       0.19300000      0.059519239       0.58600003        7.5180001        8.9414148 
       560043.00        6.0000000        6.3909998        0.0000000        1.3360000       0.13600001       0.10760000       0.26199999      0.097093515       0.25900000        7.0660000        8.9414148 
       560045.00        3.0000000        3.5960000        0.0000000       0.16400000       0.30199999       0.11390000      0.090000004      0.092457078       0.95099998        7.3569999        8.9414148 
